[SETTINGS]
#map_size(width)	map_size(height)
1524	780
# type :0 = Mario , 1 = Brick, 3=LaseGuard, 4= BallCarry, 5=BallBot, 6=Drap,
# 7=GX680, 8=GX680S, 9 = Stuka, 10 = Eyelet, 11=interrup, 12=interrup_bullet
#Obj_type	x	y	ani_set

[MapObj]
#widht height path
46	95	QuadTree\map.txt
[OBJECTS]
# ENEMIES
11	130	110	3013
11	1390	94	3013
11	1423	158	3013
11	1390	221	3013

5	1008	254	3001
5	349	638	3001
5	636	573	3001
5	638	318	3001

4	349	682	3006
4	653	682	3006

10	1017	380	3003	-130
10	415	496	3003	130
10	239	496	3003	140
10	797	626	3003	140
10	820	626	3003	140

9	879	360	3015
9	688	432	3015
9	479	480	3015
9	63	544	3015
9	715	597	3015
9	625	638	3015
9	910	597	3015
9	974	597	3015



