# id	file_path	transparent_color_r	g	b
[TEXTURES]
0	textures\mario.png	255	255	255
20	textures\misc.png	176	224	248
10	textures\enemies.png	3	26	110

# id	left	top	right	bottom	texture_id
[SPRITES]
1001	6	0	26	14
1002	36	0	85	16
1003	67	0	146	15
1004	95	0	206	16
1005	125	0	265	16
1006	155	0	326	16
1007	187	0	199	15
1008	216	0	230	15
1009	247	0	259	15
1010	275	0	291	16
1011	306	0	321	16
1012	335	0	351	16
1013	367	0	379	15
1014	397	0	410	1
1015	426	0	440	16
2001	5	40	6	41
2002	35	40	51	56
2003	65	40	81	56
2004	96	40	110	56
2005	125	40	141	55
2006	155	40	171	56
2007	186	40	200	55
2008	216	40	230	55
2009	246	40	260	55
2010	275	40	291	56
2011	305	40	321	55
2012	36	40	50	56
2013	65	40	81	56
2014	395	40	411	56
2015	426	40	441	56
3001	5	80	21	96
3002	35	80	51	96
3003	66	80	80	95
3004	96	80	110	95
3005	125	80	141	95
3006	155	80	170	96
3007	185	80	200	96
3008	246	80	261	96
3009	276	80	291	96
3010	305	80	321	95
3011	336	80	350	95
3012	366	80	380	95
3013	395	80	411	96
3014	425	80	441	96
4001	7	124	19	137
4002	38	124	50	138
4003	66	120	80	135
4004	95	120	110	136
4005	126	120	139	136
4006	155	120	170	136
4007	186	120	200	136
4008	215	120	231	136
4009	246	120	260	136
4010	276	120	291	136
4011	307	120	320	136
4012	336	120	351	136
4013	366	120	380	135
4014	396	124	408	138
4015	427	124	439	137
5001	5	154	21	182
5002	35	155	54	181
5003	65	154	84	181
5004	93	154	112	181
5005	125	155	141	181
5006	155	154	171	181
5007	186	154	200	181
5008	215	154	231	181
5009	246	154	260	181
5010	275	154	291	181
5011	305	155	321	181
5012	334	154	353	181
5013	362	154	381	181
5014	392	155	411	181
5015	425	154	441	182
6001	5p	195	16	221
6002	33	195	52	221
6003	64	194	82	221
6004	93	195	112	221
6005	194	19	221	45
6006	153	94	172	121
6007	184	194	202	221
6008	215	194	231	221
6009	244	194	262	221
6010	274	194	293	221
6011	304	194	323	221
6012	334	195	353	221
6013	364	194	382	221
6014	394	195	413	221
6015	425	195	441	221
7001	6	239	20	257
7002	36	234	50	261
7003	66	234	80	261
7004	96	234	110	261
7005	125	235	141	261
7006	155	234	170	261
7007	186	234	200	261
7008	215	234	231	261
7009	246	234	260	261
7010	276	234	291	261
7011	305	235	321	261
7012	336	234	350	261
7013	366	234	380	261
7014	396	234	410	261
7015	426	239	440	257
8001	2	274	23	301
8002	35	275	51	301
8003	66	277	80	299
8004	95	275	111	300
8005	122	274	143	301
8006	155	274	171	301
8007	185	274	201	301
8008	215	274	231	301
8009	245	274	261	301
8010	275	274	291	301
8011	303	274	324	301
8012	335	275	351	300
8013	366	277	380	299
8014	395	275	411	301
8015	423	274	444	301
9001	3	315	22	341
9002	33	314	52	341
9003	65	314	81	341
9004	96	314	110	341
9005	125	315	141	341
9006	155	314	170	341
9007	214	317	232	338
9008	276	314	291	341
9009	305	315	321	341
9010	336	314	350	341
9011	365	314	381	341
9012	394	314	413	341
9013	424	315	443	341
10001	3	358	22	378
10002	32	358	53	378
10003	63	358	83	377
10004	93	357	113	378
10005	125	360	141	383
10006	155	358	171	382
10007	185	354	201	381
10008	245	354	261	381
10009	275	358	291	382
10010	305	360	321	383
10011	333	357	353	378
10012	363	358	383	377
10013	393	358	414	378
10014	424	358	443	378
11001	5	394	21	422
11002	35	395	54	421
11003	65	394	84	421
11004	93	394	112	421
11005	125	395	141	421
11006	155	394	171	421
11007	186	394	200	421
11008	215	394	231	421
11009	246	394	260	421
11010	275	394	291	421
11011	305	395	321	421
11012	334	394	353	421
11013	362	394	381	421
11014	392	395	411	421
11015	425	394	441	422
12001	5	435	21	461
12002	33	435	52	461
12003	64	434	82	461
12004	93	435	112	461
12005	123	434	142	461
12006	153	434	172	461
12007	184	434	202	461
12008	215	434	231	461
12009	244	434	262	461
12010	274	434	293	461
12011	304	434	323	461
12012	334	435	353	461
12013	364	434	382	461
12014	394	435	413	461
12015	425	435	441	461
13001	6	479	20	497
13002	36	474	50	501
13003	66	474	80	501
13004	96	474	110	501
13005	125	475	141	501
13006	155	474	170	501
13007	186	474	200	501
13008	215	474	231	501
13009	246	474	260	501
13010	276	474	291	501
13011	305	475	321	501
13012	336	474	350	501
13013	366	474	380	501
13014	396	474	410	501
13015	426	479	440	505
# big mario fire
#kick
14001 	1	514	24	543	0
#run
14002 	34	514	52	542	0
#down
14003	65	516	80	540	0
14004	91	511	113	541	0
14005 	122	513	144	541	0	
14006	155	514	173	543	0
14007	185	513	202	542	0
14008	214	514	232	542	0
14009	245	513	262	542	0	
14010	275	513	292	542	0	
14011	303	514	325	542	0
14012	334	514	352	541	0
14013	366	516	381	538	0
14014	395 	514	412	542	0
14015	422	514	444	541	0
15001	2	555	22	581	0
15002	33	554	52	581	0
15003	65	554	81	581	0
15004	96	554	110	581	0
15005	125	555	141	581	0
15006	155	554	170	581	0
15007	180	553	206	582	0
15008	214	557	232	578	0
15009	240	553	266	582	0
15010	276	554	291	581	0	
15011	305	555	321	581	0
15012	336	554	350	581	0
15013	365	554	381	581	0
15014	394	554	413	581	0
15015	424	555	443	581	0
16001	3	598	22	618	0
16002	32	598	53	618	0
16003	63	598	83	617	0
16004	93	597	113	618	0
16005	125	600	141	623	0
16006	155	598	171	622	0	
16007	185	594	201	621	0
16008	
16009	245	594	261	621	0
16010	275	598	291	622	0
16011	305	600	321	623	0	
16012	333	597	353	618	0
16013	363	598	383	617	0
16014	393	598	414	618	0
16015	424	598	443	618	0
17001	5 	633	21	663	0
17002	32	634	53	661	0
17003	61	634	84	662	0
17004	91	634	115	662	0
17005	122	634	143	661	0
17006	152	634	174	662	0
17007	182	634	203	662	0
17008	215	633	231	662	0
17009	243	634	264	662	0
17010	272	634	294	662	0
17011	303	634	324	661	0
17012	331	634	355	662	0
17013	362	634	385	662	0
17014	393	634	414	661	0
17015	425	633	441	663	0
18001	5	674	21	691	0
18002	32	678	53	697	0
18003	61	674	85	702	0
18004	91	674	115	701	0
18005	121	674	144	702	0
18006	151	674	174	702	0
18007	181	674	205	702	0
18008	215	674	231	702	0
18009	241	674	265	702	0
18010	272	674	295	702	0	
18011	302	674	325	702	0
18012	331	674	355	701	0
18013	361	674	385	702	0
18014	393	678	414	697	0
18015	425	674	441	701	0
19001	2	719	24	737	0
19002	32	719	54	737	0
19003	61	714	85	742	0
19004	91	714	115	741	0
19005	122	714	143	741	0
19006	152	714	174	742	0
19007	182	714	203	742	0
19008	215	713	231	742	0
19009	243	714	264	742	0
19010	272	714	294	742	0
19011	303	714	324	741	0
19012	331	714	355	741	0
19013	361	714	385	742	0
19014	392	719	414	737	0
19015	422 	719	444	737	0
20001	2 	754	24	782	0
20002	31	754	54	781	0	
20003	61	754	85	781	0
20004	95	754	112	782	0
20005	122	753	143	782	0
20006	155	754	171	782	0
20007	185	753	201	782	0
20008	215	754	231	782	0
20009	245	753	261	782	0
20010	275	754	291	782	0
20011	303	753	324	782	0
20012	335	754	351	782	0
20013	361	754	385	781	0
20014	392	754	415	781	0
20015	422	754	444	782	0
21001	0	794	25	821	0
21002	33	794	52	822	0
21003	61	794	84	822	0
21004	92	794	113	822	0
21005	122	794	143	821	0
21006	152	794	174	822	0
21007	182	794	204	822	0
21008	214	797	232	818	0
21009	242	794	264	822	0
21010	272	794	294	822	0
21011	303	794	324	821	0
21012	333	794	354	822	0
21013	362	794	385	822	0
21014	394	794	413	822	0
21015	421	794	446	821	0
22001	2	838	23	858	0
22002	32	838	55	858	0
22003	63	837	83	858	0
22004	93	837	113	859	0
22005	125	840	141	863	0
22006	155	838	171	862	0
22007	182	834	203	862	0
22008	
22009	243	834	265	862	0
22010	275	838	291	862	0
22011	305	840	321	863	0
22012	333	837	353	859	0
22013	363	837	383	859	0
22014	392	838	414	858	0
22015	423	838	444	858	0
23001
23002
23003
23004	92	874	114	902	0
23005	122	874	144	902	0
23006	152	874	174	902	0
23007	182	874	204	902	0
23008	
23009	242	874	264	902	0
23010	272	874	294	902	0
23011	302	874	324	902	0
23012	332	874	354	902	0
23013
23014
23015
24001	1 	916	25	939	0
24002	32	916	54	939	0
24003	62	916	84	939	0
24004	93	916	113	939	0
24005	123	913	142	942	0
24006	153	913	173	942	0
24007	183	916	203	940	0
24008	215	916	231	939	0
24009	243	916	263	940	0
24010	273	913	293	942	0
24011	304	913	323	942	0
24012	333	916	353	939	0
24013	362	916	382	939	0
24014	392	916	414	939	0
24015	421	916	445	939	0
25001	1	957	25	979	0
25002	31	957	55	979	0
25003	61	956	85	979	0
25004	
25005	123	956	143	979	0
25006	152	957	174	978	0
25007	185	954	201	981	0
25008	215	952	231	983	0
25009	245	954	261	981	0
25010	272	957	294	978	0
25011	303	956	323	979	0
25012	
25013	361	956	385	979	0
25014	391	957	415	979	0
25015	421	957	445	979	0
26001	5 	994	21	1010	0
26002	35	992	51	1017	0
26003	62	992	83	1023	0
26004	95	992	111	1023	0
26005	124	993	141	1023	0
26006	155	992	171	1023	0
26007	185	992	200	1023	0
26008	215	992	231	1023	0
26009	246	992	261	1023	0
26010	275	992	291	1023	0
26011	305	993	322	1023	0
26012	335	992	351	1023	0
26013	363	992	384	1023	0
26014	395	992	411	1017	0
26015	425	994	441	1018	0
# FROG_MARIO 
** LEFT-UPSIDE DOWN
27001	3	1026	23	1046
27002	33	1024	53	1048
27003	31	1056	55	1076
27004	3	1056	23	1076
** BACK STANDING MARIO
27005	65	1034	81	1061
27006	95	1035	16	25
27007	125	1035	141	1061
** FRONT STANDING MARIO
27008	155	1035	171	1060
27009	185	1036	201	1060
27010	215	1035	231	1060
27011	245	1036	261	1060
27012	275	1035	291	1060
** BACK STADING MARIO
27013	305	1035	321	1061
27014	335	1035	351	1060
27015	365	1034	381	1061
** RIGHT-UPSIDE DOWN
27016	393	1024	413	1048
27017	423	1026	443	1046
27018	391	1056	415	1076
27019	423	1056	443	1076

#BLACK MARIO
**LEFT MARIO  
29001	5	1084	21	1112
29002	34	1084	51	1111
29003	64	1084	81	1112
29004	93	1084	112	1112
29005	125	1084	141	1111
29006	155	1084	171	1112
29007	185	1084	201	1112
**MIDDLE MARIO
29008	215	1084	231	1112
**RIGHT MARIO 
29009	245	1084	261	1112
29010	275	1084	291	1112
29011	305	1084	321	1111
29012	334	1084	353	1112
29013	365	1084	381	1112
29014	395	1084	412	1111
29015	425	1084	441	1112

#FLY BLACK MARIO
**LEFT MARIO
30001	5	1124	21	1151
30002	33	1124	52	1151
30003	63	1124	82	1152
30004	93	1124	112	1152
30005	123	1124	142	1152
30006	154	1124	171	1152
30007	184	1124	202	1152
**MIDDLE MARIO
30008	215	1124	231	1152
**RIGHT MARIO
30009	244	1124	262	1152
30010	275	1124	292	1152
30011	304	1124	323	1152
30012	334	1124	353	1152
30013	364	1124	383	1152
30014	394	1124	413	1151
30015	425	1124	441	1151

#RAISE-HAND BLACK MARIO
**LEFT MARIO
31001	5	1170	21	1186
31002	35	1164	51	1192
31003	65	1164	81	1192
31004	95	1164	111	1192
31005	125	1164	141	1191
31006	155	1164	171	1192
31007	185	1164	201	1192
**MIDDLE MARIO
31008	215	1164	231	1192
**RIGHT MARIO
31009	245	1164	261	1192
31010	275	1164	291	1192
31011	305	1164	321	1192
31012	335	1164	351	1192
31013	365	1164	381	1192
31014	395	1164	411	1192
31015	425	1170	441	1186

#RAISE-FEET MARIO
**LEFT MARIO
32001	2	1204	24	1232
32002	35	1204	51	1231	
**BACK-FRONT MARIO
32003	95	1205	111	1231
32004	122	1204	143	1232
32005	155	1204	171	1232
32006	185	1204	201	1232
32007	215	1204	231	1232
32008	245	1204	261	1232
32009	275	1204	291	1232
32010	303	1204	324	1232
32011	335	1205	351	1231
**RIGHT-MARIO
32012	395	1204	411	1231
32013	422	1204	444	1232

#WALK BLACK MARIO
** LEFT MARIO
33001	3	1244	22	1271	
33002	33	1244	52	1272
33003	65	1244	81	1272
33004	95	1244	111	1272
33005	124	1244	141	1271
33006	154	1244	171	1272
** FRONT MARIO
33007	214	1247	232	1268
** RIGHT MARIO
33008	275	1244	292	1272
33009	305	1244	322	1271
33010	335	1244	351	1272
33011	365	1244	381	1272
33012	394	1244	413	1272
33013	424	1244	443	1271

#TURTLE MARIO
** LEFT-CIRCLE MARIO
34001	3	1288	22	1307	
34002	34	1289	52	1307
34003	64	1288	82	1308
34004	94	1288	112	1307
** LEFT-FARMING MARIO
34005	125	1290	141	1313
34006	155	1288	171	1312
34007	185	1284	201	1312
** RIGHT-FARMING MARIO
34008	245	1284	261	1312
34009	275	1288	291	1312
34010	305	1290	321	1313
** RIGHT-CIRCLE MARIO
34011	334	1288	352	1307
34012	364	1288	382	1308
34013	394	1289	412	1307
34014	424	1288	443	1307

# CAT-WALKING MARIO 
** LEFT MARIO
35001	5	1323	21	1352
35002	32	1324	53	1351
35003	60	1324	85	1352
35004	91	1324	114	1352
35005	122	1324	143	1351
35006	152	1323	177	1352
35007	182	1323	204	1352
** IDLE MARIO
35008	215	1323	231	1352
** RIGHT MARIO
35009	242	1323	264	1352
35010	272	1323	294	1352
35011	303	1324	324	1351
35012	332	1324	355	1352
35013	361	1324	386	1352
35014	393	1324	414	1351
35015	425	1323	441	1352

#CAT-FLYING MARIO
** LEFT MARIO
36001	5	1364	21	1391
36002	32	1369	54	1387
36003	61	1364	85	1392
36004	91	1364	115	1391
36005	121	1364	145	1391
36006	151	1364	175	1391
36007	181	1364	205	1391
** MIDDLE MARIO
36008	215	1363	231	1392
** RIGHT MARIO
36009	241	1364	265	1391
36010	271	1364	295	1391
36011	302	1364	325	1391
36012	331	1364	355	1391
36013	361	1364	385	1392
36014	392	1369	414	1387
36015	425	1364	441	1391

#CAT-RASING HAND MARIO
** LEFT MARIO
37001	3	1407	23	1428
37002	32	1408	53	1427
37003	61	1404	85	1432
37004	91	1404	115	1431
37005	122	1404	143	1431
37006	152	1403	174	1432
37007	182	1403	203	1432
** MIDDLE MARIO
37008	215	1403	231	1432
** RIGHT MARIO
37009	243	1403	264	1432
37010	272	1403	294	1432
37011	303	1404	324	1431
37012	331	1404	355	1431
37013	361	1404	385	1432
37014	393	1408	413	1427
37015	423	1407	443	1428

#MARIO LINE 38
** LEFT MARIO
38001	2	1444	23	1472
38002	30	1444	55	1471
38003	61	1444	85	1471

**FRONT-BACK MARIO
38004	95	1444	101	1472
38005	122	1443	143	1472
38006	155	1443	171	1472
38007	185	1443	201	1472
38008	215	1443	231	1472
38009	245	1443	261	1472
38010	275	1443	291	1472
38011	303	1443	324	1472
38012	335	1444	351	1472

**RIGHT MARIO
38013	361	1444	385	1471
38014	391	1444	416	1471
38015	423	1444	444	1472

#CAT-RUNNING MARIO
**LEFT MARIO
39001	0	1484	25	1511
39002	33	1484	52	1512
39003	61	1483	84	1512
39004	92	1483	114	1512
39005	122	1484	144	1511
39006	152	1484	174	1511
39007	181	1483	204	1512
** MIDDLE MARIO
39008	213	1487	233	1508
** RIGHT MARIO
39009	242	1483	265	1512
39010	272	1484	294	1511
39011	302	1484	324	1511
39012	332	1483	355	1512
39013	362	1483	385	1512
39014	394	1484	413	1512
39015	412	1484	446	1511

#CAT-UPSIDE DOWN MARIO
** LEFT-UPSIDE MARIO
40001	2	1528	23	1548
40002	26	1528	49	1548
40003	53	1527	73	1548
40004	78	1526	98	1549
** LEFT MARIO
40005	110	1531	126	1553
40006	140	1529	156	1552
40007	167	1524	189	1552
** STATUE MARIO
40008	200	1523	216	1552
40009 	230	1523	246	1552
** RIGHT MARIO
40010	257	1524	279	1552
40011	390	1529	306	1552
40012	320	1531	336	1553
** RIGHT-UPSIDE MARIO
40013	348	1526	368	1549
40014	373	1527	393	1548
40015	397	1528	420	1548
40016	423	1528	444	1548

#FINAL LINE
** LEFT MARIO
41001	35	1558	51	1598
41002	61	1563	85	1595
41003	90	1564	115	1594
41004	119	1566	136	1592
41005	150	1564	176	1592
41006	179	1565	197	1593
** RIGHT MARIO
41007	239	1565	267	1593
41008	270	1564	296	1592
41009	300	1566	327	1592
41010	331	1564	356	1594
41011	361	1563	385	1595
41012	395	1558	406	1598s